Training Group 2 to 6 ,8
Testing Group 1


Accuracy = 0.601574074074

Confusion Matrix
3038 264 298
1742 1417 441
998	560	2042

Normalized
0.8439	0.0733	0.0828
0.4839	0.3936	0.1225
0.2772	0.1556	0.5672