Training Group 1 to 5 & 8
Testing Group 7


Accuracy : 0.638333333333

Confusion Matrix

2761	445	393
1166	1941	494
715	686	2199
		
Normalized
		
0.767157544	0.123645457	0.109196999
0.323798945	0.53901694	0.137184116
0.198611111	0.190555556	0.610833333