Training group 2 to 6 ,7
Testing group 1


Accuracy = 0.601296296296

Confusion Matrix
3035 262 303
1754 1391 455
990	542	2068


Normalized
0.8431	0.0728	0.0842
0.4872	0.3864	0.1264
0.2750	0.1506	0.5744