Training Group 1 to 4 , 6 ,8 
Testing Group 5



Accuracy : 0.638333333333


Confusion Matrix
2740 463 396
1158 1949 494
710	685	2205
		
Normalized
		
0.76132259	0.128646846	0.110030564
0.32157734	0.541238545	0.137184116
0.197222222	0.190277778	0.6125