Training group 1 to 4 ,6 ,8
Testing group 5


Accuracy = 0.640092592593

Confusion Matrix
2747 459 393
1157 1952 492
701	685	2214

Normalized
0.7633	0.1275	0.1092
0.3213	0.5421	0.1366
0.1947	0.1903	0.6150
