Training Group 2 to 6 & 7
Testing Group 1

Accuracy : 0.635925925926

Confusion Matrix
3034 262 304
1728 1434 438
984	562	2054


Normalized
	
0.842777778	 0.072777778	0.084444444
0.48	     0.398333333	0.121666667
0.273333333	 0.156111111	0.570555556