Training group 1 to 5 and 7
Testing group 6

Accuracy = 0.640648148148

2790 407 402
1200 1913 488
717	667	2216

Normalized
0.7752	0.1131	0.1117
0.3332	0.5312	0.1355
0.1992	0.1853	0.6156
