Training Group 1 to 5 & 7
Testing Group 6


Accuracy : 0.635925925926

Confusion Matrix

2761 408 430
1205 1901 495
717	677	2206
		
Normalized
		
0.767157544	0.113364824	0.119477633
0.33462927	0.527908914	0.137461816
0.199166667	0.188055556	0.612777778