Training Group 1 to 6
Testing Group 8

Accuracy : 0.639444444444

Confusion Matrix

2811 394 394
1224 1888 489
759	634	2207
		
		
Normalized	
	
0.781050292	0.109474854	0.109474854
0.339905582	0.524298806	0.135795612
0.210833333	0.176111111	0.613055556