Training group 1 to 5 , 8
Testing group 7


Accuracy = 0.638333333333

Confusion Matrix
2775 438 386
1181 1921 499
729	673	2198

Normalized
0.7710	0.1217	0.1073
0.3280	0.5335	0.1386
0.2025	0.1869	0.6106
