Training Group 2 to 6 & 8
Testing Group 1


Accuracy : 0.635925925926

Confusion Matrix

3043 264 293
1720 1442 438
995	566	2039
		
Normalized	
	
0.845277778	0.073333333	0.081388889
0.477777778	0.400555556	0.121666667
0.276388889	0.157222222	0.566388889